1.779785329078365785e-01
1.545887429948681890e-01
1.472711292097599878e-01
1.370300442148223441e-01
1.267945270709130157e-01
1.130165986089990415e-01
1.087591623080046144e-01
1.052983159675205255e-01
9.965925318138782463e-02
9.963079983602318723e-02
9.891500757711146896e-02
9.013285244649944794e-02
8.978291488382712793e-02
8.663909256309985929e-02
8.341608611146052177e-02
8.343190559963176156e-02
8.242974658563628765e-02
7.989125361251846191e-02
8.153921258780028047e-02
8.175122679134703974e-02
7.985632163179036402e-02
8.090165649761441036e-02
7.971663606076681563e-02
7.359640994179487972e-02
7.290043696829741349e-02
7.242899854732622045e-02
