2.389265190008632356e+00
3.101165107455899683e+00
2.510931357447840462e+00
3.479941167013707926e+00
3.002418343008866231e+00
4.473222501462172929e+00
2.479754663030333539e+00
3.926844940276424278e+00
2.423712428183765422e+00
4.371263003411214321e+00
3.823553940686039709e+00
2.580420274528361535e+00
2.974013262931813006e+00
3.385142774023759404e+00
3.714339692853217301e+00
4.386720895826377919e+00
2.694969168820416705e+00
2.904265946299104950e+00
2.891702496609675599e+00
3.282935100727396360e+00
4.317647640986355562e+00
4.247926303370002543e+00
3.547545892237024212e+00
2.463739416457422227e+00
3.821989268235323145e+00
4.198170803227841752e+00
2.835832429586021330e+00
3.541676210132837621e+00
3.179498298504503495e+00
2.741553692053586122e+00
3.284639712841134429e+00
3.794011186311067707e+00
3.903210651444816826e+00
2.353128701632081654e+00
4.713150142502177786e+00
3.635414841760269411e+00
2.942655150616663384e+00
2.633897347419793533e+00
3.138884338769898807e+00
3.713249935652692901e+00
3.300434488605987315e+00
4.120951023705236693e+00
2.496167889115731064e+00
3.543944989990615024e+00
3.939770820730343459e+00
3.511319528619214037e+00
4.336101653356628560e+00
1.973963583284472412e+00
2.722258719411411398e+00
4.439860391176449816e+00
4.061626852647012065e+00
3.306136923064820099e+00
2.535087692726958331e+00
3.415426166696690302e+00
3.641719622124632405e+00
3.602292374447750412e+00
3.447875612966625702e+00
3.112322473034980330e+00
3.269610770889890716e+00
5.157704131154949856e+00
3.288108550279816189e+00
3.817643050489501366e+00
4.068857377567415945e+00
6.785275421610225344e+00
2.438847252036040469e+00
4.413312739825201447e+00
4.685079698132334158e+00
3.375208780828087729e+00
3.785979854504344821e+00
2.396926376024775873e+00
3.224006263323780264e+00
2.673511941073077658e+00
4.068596619240155476e+00
2.810442249650097590e+00
3.040451081918494225e+00
2.728109216133669523e+00
4.432596030597265369e+00
2.352157204233363608e+00
4.400094754664911179e+00
3.595209251387789795e+00
4.396403804470128129e+00
4.949122737724795940e+00
2.597252392470493110e+00
2.658216432037596721e+00
3.162238950524157932e+00
2.724406766728250773e+00
3.664347050698403052e+00
4.652303976589295509e+00
3.305581087318185229e+00
5.333566181991840516e+00
3.196858687440619740e+00
3.770783656260518146e+00
3.502007487080750270e+00
4.480038683233572350e+00
3.711677084247364089e+00
3.566572286345997878e+00
4.158583543898398460e+00
2.849729500893010581e+00
2.786971100529127998e+00
2.553456315288296530e+00
3.932418058012558948e+00
2.910642979795819763e+00
2.634253928943712353e+00
3.625260808774953158e+00
4.544474037333610994e+00
3.782059902987175093e+00
3.144005306429727309e+00
3.633792094662690708e+00
3.222866764673996354e+00
3.678124063131706478e+00
4.195592203471115056e+00
2.602961765939060257e+00
3.576702344852432436e+00
2.637016925712129645e+00
6.073913655867118067e+00
2.856351534643424284e+00
4.289595404563429248e+00
2.883689767649963986e+00
3.703446671974259363e+00
3.714153754674212937e+00
5.400792779725667181e+00
2.505886810804859532e+00
3.790621829660493880e+00
4.294252581497142174e+00
2.913667186145916688e+00
2.745112483217556409e+00
2.841877225694988240e+00
3.953999876629795907e+00
3.304752198619085757e+00
5.207408767670009375e+00
2.649397999437826723e+00
3.637885544233670387e+00
4.229464958330068747e+00
3.193806201223690966e+00
3.487567545196025076e+00
2.902366841718932999e+00
3.066579048016130571e+00
5.151662242375012468e+00
2.996386129134722243e+00
3.390892970828302655e+00
2.676489335731668806e+00
4.286656963953721089e+00
3.560820938125786927e+00
5.335262122294812670e+00
2.738659641375496889e+00
3.256952607570361646e+00
2.821179440607267885e+00
3.340212440189004095e+00
4.644724862980748270e+00
4.836415157015653499e+00
3.377977661813001298e+00
5.775356322705191836e+00
3.314648523588979323e+00
3.828742166699346861e+00
2.959181081144220737e+00
3.818328067504592749e+00
3.853001349782583240e+00
3.016131643490182146e+00
3.667539081388738964e+00
4.013476279277123027e+00
3.566296759745759104e+00
3.059321668055487997e+00
2.357570129623896893e+00
4.459502485627646173e+00
4.006227928322218190e+00
4.229409592713904154e+00
3.903719372443867019e+00
3.452668534814464785e+00
3.967394164374407950e+00
3.084836131204758303e+00
2.446763709170693968e+00
3.041698029206712395e+00
2.916818940910651747e+00
3.879300541313552841e+00
3.155041958315854433e+00
3.735161991124234859e+00
4.369529242810094694e+00
2.780134546421061614e+00
3.155563140503306663e+00
3.312073091473604958e+00
3.540827866690116732e+00
2.701546591800504160e+00
5.907445785587711384e+00
3.058298359099495212e+00
3.303932048694045776e+00
2.174469943841504271e+00
2.527757603139840992e+00
2.516456789849805364e+00
3.018924008317311891e+00
3.020362085351249171e+00
3.975188287672442922e+00
3.138637617148579029e+00
3.964025366982505183e+00
4.103127307442322902e+00
4.237723989666554836e+00
5.463317641397529734e+00
4.992664059647692554e+00
4.355690126875294332e+00
3.614955389250234852e+00
3.951600810283251164e+00
4.629569016358642486e+00
3.095220028340180729e+00
4.404774906360207964e+00
4.133414319785087443e+00
6.097999706364671368e+00
2.525678471220893506e+00
6.394788820375622684e+00
3.807726682770980808e+00
2.426245298682381701e+00
3.551685842954777517e+00
2.983191731564137417e+00
2.557958695290151852e+00
5.112172635393756437e+00
3.512121471992765809e+00
2.877707686678336430e+00
3.895510675443977444e+00
3.761473961312939984e+00
2.259308548335269951e+00
3.615831282190693940e+00
3.356920335820089196e+00
3.695589811025585369e+00
4.044924764491988789e+00
3.523080881705306755e+00
3.403746977863387091e+00
4.694264578962447310e+00
5.144680766314453813e+00
2.544331857816835019e+00
4.479695855766354207e+00
4.526273555684276140e+00
2.941078296448968565e+00
2.659990107687849825e+00
3.433064850132492296e+00
3.208709445451291664e+00
4.320216433009522738e+00
3.057380800653271891e+00
4.743530280394984366e+00
3.916969679574687113e+00
3.928247168053688121e+00
3.341934300307767280e+00
3.809566085178929917e+00
3.552390537729802400e+00
3.913299479860093300e+00
2.652540669803693074e+00
2.401352343402317402e+00
3.966097088399282988e+00
2.887118785642491137e+00
2.743561001253651543e+00
3.818124539069699619e+00
3.708705945965860451e+00
3.377870618360046873e+00
3.499197261833859596e+00
2.491096520260223990e+00
3.159482506247557332e+00
4.062667148698948516e+00
3.404285819259381896e+00
3.254319237362510719e+00
4.174335837470366073e+00
2.741547511112543578e+00
4.086625868403535478e+00
4.301875439014818170e+00
3.498387661799876813e+00
4.804142538828553022e+00
3.057301388956825683e+00
2.621890064882772098e+00
3.541992233023446790e+00
2.642090532716888873e+00
3.718360372218419307e+00
3.315238630407034925e+00
3.291893131437285014e+00
2.989712650599417820e+00
2.692638613463000041e+00
3.311956135994434725e+00
3.581163121540148708e+00
4.790182968395878760e+00
4.859227019353273391e+00
4.501604166332904278e+00
2.522799920048497402e+00
4.767708851368053224e+00
2.772358699690438133e+00
3.057849868987086772e+00
4.895145121510944719e+00
3.924878257621864819e+00
3.161988042359163309e+00
3.662689764085310440e+00
2.755724408915150914e+00
5.315075405160300193e+00
2.857740246836521614e+00
3.575180809978596663e+00
3.173215744306710828e+00
3.025533676267968985e+00
4.156177563904380534e+00
4.288668029209318888e+00
4.023130561555915641e+00
3.393283222161985524e+00
3.348114745276934645e+00
3.741728368325720755e+00
3.807143491847700290e+00
3.896197682523448336e+00
4.030199749908591755e+00
4.710475568842505290e+00
5.176545487411761570e+00
3.907780869332541762e+00
2.753722546387639358e+00
3.767342298126602262e+00
4.708159003764981421e+00
5.758735641415343665e+00
3.334676274272660557e+00
4.843843989950042506e+00
3.980987126486199568e+00
3.264072403644407316e+00
2.731718661031204309e+00
2.636164909858560446e+00
3.424610511845171956e+00
5.170669099842576166e+00
4.641288370084012627e+00
4.200247232229646244e+00
3.650390805701319685e+00
3.537536274664911939e+00
2.699632214127055008e+00
3.075158656322469319e+00
3.087096122279487709e+00
3.151453822559385554e+00
5.351250708049716032e+00
3.415548898149195711e+00
2.512329711626539286e+00
3.009860065895332948e+00
2.855645368768236825e+00
3.963645665349298852e+00
2.537445981624455005e+00
2.879831552925224969e+00
2.481987444037949686e+00
2.985845735001837031e+00
5.401033952830665896e+00
3.682984759051638690e+00
3.881916550131920385e+00
2.920862840419040207e+00
3.542277741645971645e+00
4.789479891680916701e+00
3.546561675078874654e+00
3.380320377951969046e+00
3.675433780540052986e+00
2.810846142796608493e+00
3.006445798270496628e+00
4.011993363741901852e+00
3.701431254558981809e+00
3.816234155523820171e+00
3.645821168590371197e+00
3.939706914687709283e+00
4.056381710021405240e+00
4.269539716774320759e+00
2.742051982030134560e+00
3.172272149487002757e+00
3.576554330516629410e+00
4.593834728102455855e+00
2.712058401562177146e+00
2.786294142308493260e+00
4.013168682431727419e+00
5.027309631770426002e+00
4.246686083000678735e+00
2.935419768261442908e+00
4.597689244584076462e+00
4.813782692608455704e+00
3.106328776763380262e+00
4.324361045107132817e+00
3.440144095830600435e+00
6.506525857573720373e+00
4.462461031394465927e+00
2.769183696268353589e+00
3.115008930848313984e+00
3.599083040785578280e+00
3.261834322284171250e+00
4.517310461775347008e+00
4.506289808402380359e+00
3.548606111187289525e+00
4.821018156713602565e+00
3.406629666161189451e+00
2.820997237014096992e+00
3.995671770365186504e+00
3.298435196198062691e+00
3.438855668968098023e+00
3.995845318039163541e+00
2.464392243939429239e+00
3.729235143450823742e+00
3.771201234645319200e+00
2.674081054119043177e+00
2.792241319790494725e+00
3.910386428702255390e+00
3.210403321200206772e+00
2.878221531385396492e+00
5.336122644099797085e+00
3.939232646978231056e+00
2.717939865801787036e+00
4.045543487539883465e+00
3.515925151733450882e+00
2.567669511087478984e+00
3.840146057368654553e+00
3.124319371132360690e+00
3.196361022436577493e+00
4.022105619429816592e+00
3.750447360204842706e+00
2.432094202631908342e+00
3.909079779293766599e+00
3.245230128567183847e+00
3.622540651859235350e+00
4.174314206629872182e+00
4.668272117751540939e+00
2.792613770689651886e+00
2.744741290509467024e+00
3.585995864787925758e+00
2.709746359269213922e+00
3.016460685451280543e+00
2.733669308545907395e+00
2.898924713016646670e+00
2.613152932367627912e+00
3.106850842042398586e+00
3.170383836142752987e+00
3.667482712162843939e+00
2.737374476278401580e+00
2.755725513843801266e+00
3.508284189840643386e+00
3.339727410287301801e+00
2.759257537286162965e+00
5.647882326521990848e+00
3.052211561928985795e+00
3.823320063531039370e+00
4.584458344370359484e+00
2.521779923066343354e+00
3.236400933750693376e+00
4.059006980768957717e+00
3.900274401330817486e+00
3.111294121169925209e+00
3.334024506097519769e+00
3.393221214924038609e+00
3.302895510172990878e+00
3.853406201668655662e+00
3.414785491943237439e+00
3.040363228029838716e+00
4.799515860025157288e+00
2.988765200325517846e+00
2.992547387681446125e+00
3.540039904962995809e+00
4.432834236718608878e+00
6.626956356331249687e+00
4.055195821656202071e+00
2.899649002525742425e+00
3.759514070261101182e+00
3.028585990059132982e+00
2.669309622279894878e+00
2.967213585104619522e+00
3.159454051549462239e+00
2.559815866016516228e+00
3.810511188560594231e+00
4.191234895436433128e+00
2.812111845652402575e+00
3.494650716860066897e+00
3.271845010050114411e+00
3.315761437720898819e+00
2.332036378690248934e+00
4.755808891011145789e+00
3.554584195451520934e+00
4.208012717998085073e+00
3.637928475343966461e+00
4.079988154064536410e+00
3.220127195701806944e+00
5.556970386013222907e+00
4.686942432308284445e+00
3.658500387896843620e+00
3.061521209924709996e+00
2.768631221202027426e+00
5.331535665719000505e+00
3.304753493854585056e+00
4.083200877829979092e+00
2.982188833988712595e+00
2.879726644778656919e+00
3.663277805171550217e+00
3.036711387421649810e+00
2.758077660123324559e+00
4.949423447531495768e+00
2.950291860843840208e+00
3.159619513326111573e+00
3.189065828316465012e+00
3.650986946951015000e+00
3.657867877462372519e+00
2.238649400652256816e+00
3.758953742994344704e+00
3.077055555260679309e+00
3.815790090444045823e+00
2.754491127593352129e+00
3.225074269370491908e+00
3.833639420741111969e+00
3.794740871792000370e+00
3.558930854181258763e+00
4.506268555738264681e+00
4.258055107915359905e+00
3.724933672025427356e+00
2.354184322772822746e+00
2.477425484613433593e+00
2.484637640948747617e+00
3.338196781632537746e+00
3.995527077315788045e+00
4.048945111402162844e+00
3.512411985206952636e+00
2.459824783047345420e+00
2.826959709158098022e+00
3.368964598633398033e+00
2.565136122041439037e+00
3.326467673389645885e+00
4.895437537261839722e+00
3.546776219406495123e+00
3.397034089295745574e+00
3.495934534972013008e+00
2.828140424781850459e+00
4.541612624157552958e+00
3.968518485590526446e+00
4.298640422719265608e+00
4.596214437365126138e+00
4.650101574423212369e+00
2.541290478391572627e+00
2.593669750186691658e+00
4.446300812924890877e+00
2.998834053295697188e+00
3.251413243092852401e+00
2.842911846884052629e+00
2.701246269564675284e+00
3.482602968113501340e+00
3.251901614802545915e+00
3.694837068789716739e+00
3.440688858043348564e+00
3.180199033860880764e+00
3.316216759484748255e+00
3.135741437390455744e+00
3.775284657418491285e+00
4.177798999179094253e+00
4.377457388823993156e+00
5.185717683546285706e+00
3.197227343814471379e+00
3.129769524156378768e+00
3.719383124094172821e+00
2.599394790379669917e+00
3.377396439573675746e+00
2.879576794849292742e+00
5.014278669484883544e+00
2.571797590726543348e+00
3.155870295766726397e+00
3.110104913939173876e+00
3.933116430129226071e+00
2.897598053529783169e+00
3.460591829072437786e+00
3.398179461241203292e+00
3.616989642296589480e+00
3.994596241683002535e+00
3.607637488815270022e+00
3.781495429877588688e+00
2.730353202884831187e+00
4.093393779048778214e+00
5.064543990781142924e+00
4.418204853464279935e+00
3.360792190058692341e+00
2.780516203972695610e+00
2.630857541303897040e+00
3.919351160230420295e+00
3.144031457638434279e+00
4.143390658622502443e+00
3.877138253358029196e+00
2.472461228624000640e+00
3.913774525743777044e+00
2.745496638826756097e+00
2.778523234469514769e+00
2.661282607758489682e+00
2.571861057330317557e+00
3.610506157732193966e+00
3.044267320702924717e+00
3.693108640699437561e+00
4.578775610775484672e+00
3.841348837985751885e+00
5.097557362882780829e+00
3.934537511193680004e+00
3.812184403233910501e+00
4.370456630356394534e+00
5.144069259055070731e+00
3.496504384450963787e+00
4.392847072286222954e+00
4.217761905496854702e+00
3.255658899750260904e+00
3.673244811363472806e+00
2.983561941223960901e+00
3.113014223298302685e+00
3.272964297600569061e+00
2.750456154531319086e+00
3.056340856126245953e+00
4.042359363983392129e+00
3.452193247514244057e+00
4.363104657005571596e+00
3.318933426780251494e+00
2.861302791430986758e+00
3.065463833263139204e+00
3.012847359949497594e+00
5.236144754299704829e+00
3.634496261131856532e+00
5.164342279998198393e+00
3.509590635194797859e+00
2.605834509568502710e+00
3.195901972325496665e+00
4.285399808154234158e+00
2.912682732229884053e+00
2.679439792070971382e+00
3.780678417428443794e+00
3.320765648061761333e+00
3.555733063384708625e+00
2.885956557562079805e+00
3.759012331666697460e+00
3.347684201203977139e+00
2.890467915253351006e+00
3.326707373252024258e+00
3.174308145100993794e+00
2.593102057538811955e+00
2.143022670074877123e+00
3.830607755119016744e+00
3.922603179975556298e+00
2.592691784031623481e+00
2.751525959636146546e+00
2.807751458539609501e+00
4.220237718482325207e+00
2.763111117671473771e+00
3.167991451556166904e+00
2.683812421590981323e+00
3.960694414198676849e+00
3.331600837117539626e+00
3.634728992384379076e+00
3.498383033294349964e+00
3.017462519247075203e+00
3.447819291310190160e+00
2.858814263515690346e+00
2.169000952543584493e+00
4.546132535784002116e+00
3.343030540056218580e+00
3.154783899426605753e+00
2.905210122566312059e+00
3.777059934595736745e+00
4.572573578580755083e+00
3.572091734100534488e+00
2.975990542006411665e+00
2.741865296209741398e+00
3.499473054021585927e+00
2.905919938639018874e+00
3.370541462827104429e+00
3.343559255097627414e+00
2.565433458198395744e+00
3.166714900018499979e+00
2.883546108113583806e+00
2.608054949323513227e+00
3.155476106866829333e+00
3.276181089550937120e+00
5.052211822978104117e+00
3.337470242629937189e+00
3.696233835081758290e+00
5.278045148964285893e+00
2.608686442117160276e+00
2.730890352192734127e+00
2.516033509847623861e+00
4.260037266686494739e+00
2.295635321427026643e+00
3.130061399471574024e+00
2.464183237731122134e+00
4.191506832503438140e+00
2.910336226089665246e+00
3.996088558762784793e+00
3.996025299253899821e+00
2.630259407551054363e+00
4.153678064959746230e+00
2.433541070363514525e+00
3.848535664200813056e+00
2.579607344519441181e+00
4.199986456580488969e+00
2.846808656677673799e+00
3.331940134944435083e+00
2.315566959777116907e+00
4.101051070765702633e+00
3.946093853540091789e+00
4.755671525672608979e+00
2.607817042197192237e+00
3.124169249964835249e+00
2.862528529477679662e+00
2.271538154663646392e+00
4.524548230621872946e+00
3.049117617251297929e+00
3.457440963370683740e+00
5.049151271928574047e+00
2.442375479542676864e+00
4.235531247486558293e+00
2.754232576826359136e+00
2.402314041404212563e+00
3.404123622774987812e+00
3.963337045231138056e+00
3.007803257385968099e+00
2.538201785185930870e+00
2.441109262688068160e+00
3.449155434942102971e+00
3.655725719912524596e+00
2.523847199750024917e+00
4.094824535898970552e+00
3.274309455979857564e+00
2.753705421596902791e+00
3.006832549725134474e+00
2.754196324373625604e+00
2.656952484329155428e+00
3.191816661157742541e+00
4.424272239330235834e+00
2.572557936052802585e+00
2.457255598536461694e+00
6.138123792858763750e+00
5.066946096544088896e+00
3.349348379850435986e+00
2.667397759156808323e+00
2.565969714016039571e+00
2.656575256235133242e+00
2.844565226202003139e+00
2.986523035928445147e+00
3.330785401361008535e+00
4.294662455868055950e+00
2.639722419941542331e+00
2.744460921008117893e+00
3.769316773586973479e+00
4.152539435422951009e+00
5.731621183772558581e+00
5.216999353868900791e+00
4.523614298620402430e+00
4.532506256932367528e+00
3.954581846331761241e+00
2.967621249867377298e+00
3.985061488219920900e+00
2.316354826333656636e+00
2.490859437305885660e+00
3.380575451967342104e+00
3.922061042514117801e+00
2.969376730885209259e+00
3.346120566703975285e+00
3.828419261467958190e+00
2.912346429629473210e+00
5.506150667032226664e+00
2.892113701302802653e+00
3.272982043768287497e+00
3.516868769436135356e+00
4.454783086473659282e+00
3.289941457663851043e+00
3.566898904338037024e+00
3.168129749769305725e+00
4.096644016417016587e+00
4.719266787593745960e+00
4.883133676677413604e+00
5.189572070352231670e+00
3.968392743006568857e+00
3.595596761866406421e+00
3.880400592750306021e+00
4.246667404120542777e+00
4.097548571370106529e+00
3.506178299209395721e+00
4.733263675414462135e+00
2.686863930019116165e+00
2.642412730901059881e+00
2.557682482139051139e+00
2.919739046086342604e+00
4.250123723490582428e+00
5.107227859249993784e+00
4.082734163243181058e+00
4.263236813222963661e+00
3.369682983697568801e+00
3.409102338208577887e+00
3.390018960817081428e+00
4.023335462374783233e+00
5.900356133767787448e+00
3.068707539377650395e+00
4.131603234088732535e+00
2.432720875909382574e+00
2.332538558354786407e+00
4.333898581125475324e+00
2.758261425187427562e+00
3.503121928660719586e+00
3.499564025835723236e+00
3.990058621016380425e+00
3.504273528535726712e+00
2.020643718178705583e+00
3.682588534363877564e+00
5.382298151829492561e+00
2.870672349798793821e+00
3.841732818951084649e+00
3.419093124377996507e+00
5.360889678016903304e+00
4.452721465275890189e+00
2.600531617254765226e+00
3.897372990106010349e+00
3.733643412361027369e+00
3.927593658748225636e+00
5.973646837266281651e+00
2.419623049360053457e+00
4.040153967817719405e+00
4.684287424137066225e+00
2.705930740700940973e+00
4.654296585854416080e+00
2.606306741783027459e+00
3.328739644310079626e+00
2.520280857497862570e+00
3.839905666438245824e+00
4.288641635399353724e+00
3.965196960985076569e+00
4.214171179228624275e+00
4.146687907645977056e+00
2.928139604759543602e+00
4.654661638999203710e+00
4.344079470801104570e+00
3.110664538628129971e+00
5.261701033853841913e+00
4.923784914575154659e+00
2.817827159985999863e+00
2.290105489313268183e+00
3.902308127260118553e+00
3.411950680163147176e+00
2.849688358389251608e+00
2.882666347612311331e+00
4.148644686510849944e+00
3.668986624710683042e+00
3.516311866886129067e+00
5.643595269502383438e+00
3.020244088103939184e+00
3.211606934766218835e+00
3.196476582763283059e+00
3.947492166713174822e+00
3.714428684673867220e+00
2.556012294365217929e+00
4.466859053574950167e+00
3.510242027921740782e+00
2.498967051755678348e+00
3.201578547972746325e+00
5.026480560945611131e+00
4.014464485478989708e+00
3.736116413890735011e+00
3.244082075173023494e+00
4.332569699334355207e+00
2.333330563081541076e+00
3.282852521102215704e+00
3.286077791407381543e+00
4.019091584202001854e+00
2.934234265624392712e+00
3.075218778945365994e+00
2.640751078923366357e+00
4.110910962002772173e+00
2.602604603309817133e+00
3.457686691713271809e+00
5.242997798666534592e+00
3.759826872070813675e+00
2.108062778166382323e+00
3.263085715245391594e+00
4.742270194280687967e+00
3.346680872907985549e+00
2.773058312573364326e+00
3.576448345769191128e+00
2.857713824584792395e+00
3.224581736542025290e+00
2.496549126599595159e+00
4.757529804016787267e+00
3.650481278669233554e+00
5.019306440050846696e+00
2.959703027782613294e+00
2.691634729501388268e+00
2.978259807678249604e+00
2.773402450446736278e+00
2.485890678771876861e+00
2.839349405319977038e+00
3.279525259616167254e+00
3.556770117232145978e+00
3.349577288832140010e+00
2.615571394791069260e+00
2.922964888421084595e+00
4.663394963860643117e+00
4.239517599648268131e+00
3.603384194439401167e+00
3.092579818885102139e+00
3.777974321030659333e+00
4.335929215670441650e+00
2.854331902519774200e+00
2.702530097154625111e+00
2.477693706390382555e+00
3.552939866106913591e+00
3.911172875454826059e+00
2.396677647816169987e+00
3.794058498163425330e+00
2.473528040695025965e+00
2.667841262665228808e+00
4.015328043073288278e+00
5.056640221427662674e+00
2.419276389489827039e+00
3.601819669994311024e+00
2.656029719758675078e+00
3.311283204631036980e+00
3.244983107362322983e+00
3.412544287970711743e+00
2.611024671686733356e+00
2.497184614625135968e+00
3.764894870009082961e+00
2.096140869872283652e+00
3.339759702841087474e+00
5.509351563996387036e+00
2.932698759279362299e+00
3.946402058005941793e+00
4.142557962440525543e+00
2.827531945550421533e+00
3.018538739037136764e+00
3.467564085106663363e+00
2.847614099196180693e+00
3.026387862588522548e+00
2.859573523122178162e+00
2.849207077450750081e+00
4.129129631168613201e+00
3.666722969273583654e+00
2.658883153672704669e+00
4.151853594416810900e+00
2.678953668659868281e+00
2.794380861821804451e+00
3.414615423792449533e+00
3.913904182986713831e+00
3.706343763874417885e+00
3.604171379971166100e+00
3.274106720217696331e+00
6.009691893783283057e+00
2.588238485502465824e+00
4.517379194882983562e+00
2.938862547118210600e+00
3.364090693830904311e+00
4.610109384538943367e+00
3.404689888384003549e+00
2.385634813190487868e+00
4.095347977294167663e+00
3.430203962382941452e+00
3.240053243385632609e+00
2.825257263829594301e+00
2.991286935614621001e+00
3.001461630048288587e+00
3.304836930273998608e+00
3.339566925601678005e+00
2.486201326534370093e+00
3.979997830925860125e+00
4.616533030621345901e+00
2.619662493376137657e+00
3.003883819172293634e+00
3.773976090062069133e+00
4.729281251833051591e+00
2.249476864367122797e+00
2.778409182998476723e+00
4.012281033792501894e+00
4.623375958135636843e+00
3.325784036988410630e+00
2.700336865965300870e+00
3.453719203213438949e+00
3.128256332596014211e+00
4.196766290293800772e+00
2.926757684790990854e+00
2.755081803602815516e+00
3.228081670204399511e+00
3.572682602434493759e+00
3.759993796634885310e+00
2.869848311319424194e+00
3.769950327154343750e+00
4.038609272466353595e+00
4.071324325977242253e+00
2.630657361979400921e+00
2.591602821752890140e+00
5.516104628551093292e+00
3.311873245704631596e+00
3.182569319848515210e+00
3.709928966373471138e+00
3.662712092302357725e+00
4.685783381004300807e+00
2.980324674419099207e+00
2.905614224441903648e+00
2.852983840064692966e+00
5.344388770594469484e+00
2.976072470032788964e+00
2.923560500770114867e+00
3.166685164561730659e+00
4.229271522149208984e+00
3.642019863970221483e+00
4.929051787919579652e+00
4.002704325548122277e+00
3.036990756574295069e+00
3.123418201094369628e+00
4.111586893140984245e+00
3.424985589080638881e+00
4.040915872652185215e+00
4.064280206582792765e+00
2.985399551528443052e+00
2.976845777163023676e+00
5.222173523240996040e+00
3.621418999161515995e+00
3.653709234174554510e+00
4.648525648611612660e+00
2.912458124010435689e+00
3.043183016651223483e+00
3.411849162544916769e+00
3.480647673271378029e+00
3.488540324299554296e+00
